[2026-04-13 10:58:53 UTC] xrun -Q -unbuffered '-timescale' '1ns/1ns' '-sysv' '-access' '+rw' design.sv testbench.sv  
TOOL:	xrun	25.03-s001: Started on Apr 13, 2026 at 06:58:54 EDT
xrun: 25.03-s001: (c) Copyright 1995-2025 Cadence Design Systems, Inc.
	Top level design units:
		tb_mos2_model
Loading snapshot worklib.tb_mos2_model:sv .................... Done
xcelium> source /xcelium25.03/tools/xcelium/files/xmsimrc
xcelium> run
=================================================
 SIMULATION 1: TRANSFER CHARACTERISTICS (Ids vs Vgs)
=================================================

--- Device: L = 500 nm ---
Vgs(V)      Ids_Vds=0.1V(A)     Ids_Vds=0.5V(A)    Ids_Vds=1.0V(A)
--------    ----------------   ----------------   ----------------
 -3.500       5.459188e-14       6.494775e-14       6.504552e-14
 -3.400       1.371683e-13       1.631887e-13       1.634344e-13
 -3.300       3.446511e-13       4.100306e-13       4.106479e-13
 -3.200       8.659750e-13       1.030249e-12       1.031800e-12
 -3.100       2.175860e-12       2.588620e-12       2.592517e-12
 -3.000       5.467093e-12       6.504206e-12       6.513997e-12
 -2.900       1.373668e-11       1.634256e-11       1.636716e-11
 -2.800       3.451493e-11       4.106255e-11       4.112437e-11
 -2.700       8.672253e-11       1.031743e-10       1.033296e-10
 -2.600       2.178997e-10       2.592370e-10       2.596273e-10
 -2.500       5.474955e-10       6.513614e-10       6.523420e-10
 -2.400       1.375635e-09       1.636614e-09       1.639078e-09
 -2.300       3.456399e-09       4.112148e-09       4.118339e-09
 -2.200       8.684385e-09       1.033206e-08       1.034762e-08
 -2.100       2.181935e-08       2.595945e-08       2.599853e-08
 -2.000       5.481690e-08       6.521982e-08       6.531800e-08
 -1.900       1.376934e-07       1.638337e-07       1.640804e-07
 -1.800       3.457224e-07       4.114114e-07       4.120308e-07
 -1.700       8.671247e-07       1.032220e-06       1.033775e-06
 -1.600       2.169017e-06       2.584146e-06       2.588037e-06
 -1.500       5.369118e-06       6.421041e-06       6.430704e-06
 -1.400       1.253686e-05       1.509916e-05       1.512028e-05
 -1.300       2.808362e-05       3.377100e-05       3.379218e-05
 -1.200       5.886782e-05       7.168204e-05       7.153012e-05
 -1.100       1.115577e-04       1.417123e-04       1.404730e-04
 -1.000       1.874141e-04       2.571878e-04       2.519428e-04
 -0.900       2.807942e-04       4.276644e-04       4.124568e-04
 -0.800       3.833237e-04       6.558433e-04       6.230066e-04
 -0.700       4.879094e-04       9.361098e-04       8.807604e-04
 -0.600       5.898719e-04       1.255505e-03       1.181052e-03
 -0.500       6.865419e-04       1.597678e-03       1.518756e-03
 -0.400       7.765940e-04       1.947657e-03       1.888988e-03
 -0.300       8.595279e-04       2.294354e-03       2.287214e-03
 -0.200       9.353264e-04       2.630585e-03       2.708891e-03
 -0.100       1.004244e-03       2.952110e-03       3.148888e-03
  0.000       1.066678e-03       3.256668e-03       3.601117e-03
  0.100       1.123093e-03       3.543269e-03       4.058750e-03
  0.200       1.173972e-03       3.811723e-03       4.514940e-03
  0.300       1.219791e-03       4.062337e-03       4.963639e-03
  0.400       1.261007e-03       4.295716e-03       5.400103e-03
  0.500       1.298043e-03       4.512641e-03       5.821002e-03
  0.600       1.331294e-03       4.713985e-03       6.224255e-03
  0.700       1.361119e-03       4.900659e-03       6.608754e-03
  0.800       1.387845e-03       5.073580e-03       6.974095e-03
  0.900       1.411767e-03       5.233644e-03       7.320353e-03
  1.000       1.433154e-03       5.381717e-03       7.647917e-03
  1.100       1.452246e-03       5.518625e-03       7.957372e-03
  1.200       1.469260e-03       5.645147e-03       8.249419e-03
  1.300       1.484392e-03       5.762016e-03       8.524823e-03
  1.400       1.497818e-03       5.869920e-03       8.784373e-03
  1.500       1.509696e-03       5.969497e-03       9.028862e-03

--- Device: L = 200 nm ---
Vgs(V)      Ids_Vds=0.1V(A)     Ids_Vds=0.5V(A)    Ids_Vds=1.0V(A)
--------    ----------------   ----------------   ----------------
 -3.500       4.330740e-13       5.024191e-13       5.032144e-13
 -3.400       1.065082e-12       1.235626e-12       1.237582e-12
 -3.300       2.619413e-12       3.038840e-12       3.043650e-12
 -3.200       6.442060e-12       7.473580e-12       7.485408e-12
 -3.100       1.584330e-11       1.838017e-11       1.840926e-11
 -3.000       3.896425e-11       4.520331e-11       4.527484e-11
 -2.900       9.582682e-11       1.111708e-10       1.113467e-10
 -2.800       2.356718e-10       2.734081e-10       2.738406e-10
 -2.700       5.795995e-10       6.724062e-10       6.734698e-10
 -2.600       1.425437e-09       1.653681e-09       1.656296e-09
 -2.500       3.505636e-09       4.066968e-09       4.073398e-09
 -2.400       8.621516e-09       1.000202e-08       1.001784e-08
 -2.300       2.120290e-08       2.459805e-08       2.463692e-08
 -2.200       5.214280e-08       6.049266e-08       6.058823e-08
 -2.100       1.282222e-07       1.487575e-07       1.489925e-07
 -2.000       3.152521e-07       3.657568e-07       3.663345e-07
 -1.900       7.747681e-07       8.989846e-07       9.004052e-07
 -1.800       1.902136e-06       2.207676e-06       2.211173e-06
 -1.700       4.658221e-06       5.409910e-06       5.418515e-06
 -1.600       1.132295e-05       1.316794e-05       1.318571e-05
 -1.500       2.646552e-05       3.066918e-05       3.058041e-05
 -1.400       5.910007e-05       6.845533e-05       6.779100e-05
 -1.300       1.236170e-04       1.454377e-04       1.428594e-04
 -1.200       2.348504e-04       2.877590e-04       2.803597e-04
 -1.100       3.971437e-04       5.206649e-04       5.038540e-04
 -1.000       5.995163e-04       8.578775e-04       8.269553e-04
 -0.900       8.234198e-04       1.296923e-03       1.250563e-03
 -0.800       1.052088e-03       1.821627e-03       1.765808e-03
 -0.700       1.274000e-03       2.408339e-03       2.358404e-03
 -0.600       1.482428e-03       3.032369e-03       3.012182e-03
 -0.500       1.674008e-03       3.672161e-03       3.711416e-03
 -0.400       1.847509e-03       4.310784e-03       4.442055e-03
 -0.300       2.002971e-03       4.935795e-03       5.192136e-03
 -0.200       2.141155e-03       5.538487e-03       5.951720e-03
 -0.100       2.263202e-03       6.113076e-03       6.712631e-03
  0.000       2.370421e-03       6.655989e-03       7.468154e-03
  0.100       2.464166e-03       7.165295e-03       8.212783e-03
  0.200       2.545757e-03       7.640273e-03       8.942023e-03
  0.300       2.616445e-03       8.081066e-03       9.652235e-03
  0.400       2.677386e-03       8.488432e-03       1.034052e-02
  0.500       2.729640e-03       8.863547e-03       1.100461e-02
  0.600       2.774163e-03       9.207857e-03       1.164283e-02
  0.700       2.811816e-03       9.522977e-03       1.225396e-02
  0.800       2.843368e-03       9.810604e-03       1.283725e-02
  0.900       2.869507e-03       1.007246e-02       1.339228e-02
  1.000       2.890842e-03       1.031026e-02       1.391897e-02
  1.100       2.907919e-03       1.052567e-02       1.441750e-02
  1.200       2.921217e-03       1.072028e-02       1.488826e-02
  1.300       2.931166e-03       1.089563e-02       1.533181e-02
  1.400       2.938146e-03       1.105316e-02       1.574888e-02
  1.500       2.942493e-03       1.119423e-02       1.614027e-02

--- Device: L = 60 nm ---
Vgs(V)      Ids_Vds=0.1V(A)     Ids_Vds=0.5V(A)    Ids_Vds=1.0V(A)
--------    ----------------   ----------------   ----------------
 -4.500       1.848752e-13       4.290721e-13       8.895809e-13
 -4.390       4.127320e-13       9.578991e-13       1.985980e-12
 -4.280       9.214198e-13       2.138500e-12       4.433680e-12
 -4.170       2.057060e-12       4.774180e-12       9.898143e-12
 -4.060       4.592364e-12       1.065831e-11       2.209750e-11
 -3.950       1.025240e-11       2.379457e-11       4.933244e-11
 -3.840       2.288838e-11       5.312114e-11       1.101341e-10
 -3.730       5.109806e-11       1.185924e-10       2.458733e-10
 -3.620       1.140759e-10       2.647564e-10       5.489093e-10
 -3.510       2.546730e-10       5.910658e-10       1.225433e-09
 -3.400       5.685543e-10       1.319547e-09       2.735759e-09
 -3.290       1.269289e-09       2.945869e-09       6.107519e-09
 -3.180       2.833661e-09       6.576584e-09       1.363479e-08
 -3.070       6.326056e-09       1.468196e-08       3.043865e-08
 -2.960       1.412255e-08       3.277630e-08       6.794952e-08
 -2.850       3.152691e-08       7.316760e-08       1.516744e-07
 -2.740       7.037593e-08       1.633199e-07       3.385009e-07
 -2.630       1.570759e-07       3.644801e-07       7.551493e-07
 -2.520       3.504831e-07       8.130499e-07       1.683130e-06
 -2.410       7.815194e-07       1.811911e-06       3.744101e-06
 -2.300       1.740122e-06       4.029443e-06       8.245938e-06
 -2.190       3.861838e-06       8.887315e-06       1.744026e-05
 -2.080       8.390512e-06       1.891493e-05       3.576818e-05
 -1.970       1.757766e-05       3.905337e-05       7.089964e-05
 -1.860       3.548268e-05       7.771671e-05       1.338626e-04
 -1.750       6.789938e-05       1.466058e-04       2.369211e-04
 -1.640       1.204720e-04       2.577389e-04       3.896128e-04
 -1.530       1.951962e-04       4.185498e-04       5.957571e-04
 -1.420       2.888143e-04       6.287905e-04       8.531370e-04
 -1.310       3.949521e-04       8.814013e-04       1.155154e-03
 -1.200       5.071777e-04       1.165909e-03       1.493111e-03
 -1.090       6.205345e-04       1.471688e-03       1.858145e-03
 -0.980       7.317079e-04       1.789715e-03       2.242361e-03
 -0.870       8.386770e-04       2.113008e-03       2.639240e-03
 -0.760       9.403169e-04       2.436420e-03       3.043611e-03
 -0.650       1.036088e-03       2.756261e-03       3.451448e-03
 -0.540       1.125824e-03       3.069936e-03       3.859640e-03
 -0.430       1.209583e-03       3.375656e-03       4.265788e-03
 -0.320       1.287566e-03       3.672224e-03       4.668045e-03
 -0.210       1.360046e-03       3.958874e-03       5.064988e-03
 -0.100       1.427340e-03       4.235161e-03       5.455530e-03
  0.010       1.489778e-03       4.500870e-03       5.838839e-03
  0.120       1.547690e-03       4.755961e-03       6.214294e-03
  0.230       1.601399e-03       5.000517e-03       6.581436e-03
  0.340       1.651212e-03       5.234713e-03       6.939937e-03
  0.450       1.697418e-03       5.458790e-03       7.289576e-03
  0.560       1.740290e-03       5.673033e-03       7.630219e-03
  0.670       1.780078e-03       5.877760e-03       7.961802e-03
  0.780       1.817016e-03       6.073307e-03       8.284315e-03
  0.890       1.851320e-03       6.260021e-03       8.597797e-03
  1.000       1.883187e-03       6.438255e-03       8.902325e-03

=================================================
 SIMULATION 2: OUTPUT CHARACTERISTICS (Ids vs Vds)
=================================================

--- Device: L = 500 nm ---
Vds(V)      Ids_Vgs=0.1V(A)     Ids_Vgs=0.5V(A)    Ids_Vgs=1.0V(A)
--------    ----------------   ----------------   ----------------
  0.000       1.000000e-20       1.000000e-20       1.000000e-20
  0.050       5.962635e-04       6.805754e-04       7.438092e-04
  0.100       1.123093e-03       1.298043e-03       1.433154e-03
  0.150       1.587756e-03       1.857864e-03       2.071855e-03
  0.200       1.996566e-03       2.364895e-03       2.663386e-03
  0.250       2.355042e-03       2.823475e-03       3.210916e-03
  0.300       2.668023e-03       3.237487e-03       3.717337e-03
  0.350       2.939776e-03       3.610421e-03       4.185298e-03
  0.400       3.174068e-03       3.945417e-03       4.617226e-03
  0.450       3.374240e-03       4.245305e-03       5.015349e-03
  0.500       3.543269e-03       4.512641e-03       5.381717e-03
  0.550       3.683821e-03       4.749734e-03       5.718212e-03
  0.600       3.798325e-03       4.958677e-03       6.026566e-03
  0.650       3.889050e-03       5.141368e-03       6.308373e-03
  0.700       3.958202e-03       5.299547e-03       6.565101e-03
  0.750       4.008028e-03       5.434823e-03       6.798100e-03
  0.800       4.040934e-03       5.548724e-03       7.008617e-03
  0.850       4.059552e-03       5.642737e-03       7.197808e-03
  0.900       4.066748e-03       5.718374e-03       7.366749e-03
  0.950       4.065514e-03       5.777222e-03       7.516459e-03
  1.000       4.058750e-03       5.821002e-03       7.647917e-03
  1.050       4.049010e-03       5.851598e-03       7.762085e-03
  1.100       4.038290e-03       5.871046e-03       7.859937e-03
  1.150       4.027945e-03       5.881489e-03       7.942488e-03
  1.200       4.018740e-03       5.885066e-03       8.010816e-03
  1.250       4.010987e-03       5.883792e-03       8.066091e-03
  1.300       4.004709e-03       5.879434e-03       8.109580e-03
  1.350       3.999772e-03       5.873417e-03       8.142645e-03
  1.400       3.995976e-03       5.866803e-03       8.166723e-03
  1.450       3.993116e-03       5.860305e-03       8.183284e-03
  1.500       3.991003e-03       5.854349e-03       8.193774e-03
  1.550       3.989479e-03       5.849145e-03       8.199561e-03
  1.600       3.988413e-03       5.844759e-03       8.201874e-03
  1.650       3.987704e-03       5.841167e-03       8.201772e-03
  1.700       3.987271e-03       5.838298e-03       8.200115e-03
  1.750       3.987053e-03       5.836064e-03       8.197572e-03
  1.800       3.987002e-03       5.834370e-03       8.194632e-03
  1.850       3.987081e-03       5.833129e-03       8.191635e-03
  1.900       3.987262e-03       5.832264e-03       8.188799e-03
  1.950       3.987523e-03       5.831707e-03       8.186253e-03
  2.000       3.987848e-03       5.831403e-03       8.184060e-03
  2.050       3.988224e-03       5.831306e-03       8.182240e-03
  2.100       3.988639e-03       5.831376e-03       8.180786e-03
  2.150       3.989086e-03       5.831585e-03       8.179676e-03
  2.200       3.989560e-03       5.831905e-03       8.178879e-03
  2.250       3.990054e-03       5.832317e-03       8.178359e-03
  2.300       3.990565e-03       5.832805e-03       8.178083e-03
  2.350       3.991090e-03       5.833355e-03       8.178020e-03
  2.400       3.991626e-03       5.833955e-03       8.178140e-03
  2.450       3.992172e-03       5.834598e-03       8.178416e-03
  2.500       3.992725e-03       5.835276e-03       8.178827e-03

--- Device: L = 200 nm ---
Vds(V)      Ids_Vgs=0.1V(A)     Ids_Vgs=0.5V(A)    Ids_Vgs=1.0V(A)
--------    ----------------   ----------------   ----------------
  0.000       1.000000e-20       1.000000e-20       1.000000e-20
  0.050       1.323203e-03       1.443629e-03       1.509700e-03
  0.100       2.464166e-03       2.729640e-03       2.890842e-03
  0.150       3.444830e-03       3.873359e-03       4.153289e-03
  0.200       4.283799e-03       4.888003e-03       5.305704e-03
  0.250       4.997478e-03       5.785354e-03       6.355905e-03
  0.300       5.600700e-03       6.576152e-03       7.311079e-03
  0.350       6.107067e-03       7.270343e-03       8.177931e-03
  0.400       6.529110e-03       7.877232e-03       8.962785e-03
  0.450       6.878349e-03       8.405561e-03       9.671649e-03
  0.500       7.165295e-03       8.863547e-03       1.031026e-02
  0.550       7.399435e-03       9.258891e-03       1.088411e-02
  0.600       7.589224e-03       9.598772e-03       1.139843e-02
  0.650       7.742094e-03       9.889836e-03       1.185826e-02
  0.700       7.864488e-03       1.013818e-02       1.226834e-02
  0.750       7.961917e-03       1.034935e-02       1.263320e-02
  0.800       8.039041e-03       1.052836e-02       1.295711e-02
  0.850       8.099751e-03       1.067966e-02       1.324405e-02
  0.900       8.147267e-03       1.080722e-02       1.349775e-02
  0.950       8.184228e-03       1.091453e-02       1.372167e-02
  1.000       8.212783e-03       1.100461e-02       1.391897e-02
  1.050       8.234669e-03       1.108010e-02       1.409259e-02
  1.100       8.251282e-03       1.114326e-02       1.424516e-02
  1.150       8.263740e-03       1.119602e-02       1.437911e-02
  1.200       8.272936e-03       1.124005e-02       1.449659e-02
  1.250       8.279579e-03       1.127675e-02       1.459956e-02
  1.300       8.284231e-03       1.130730e-02       1.468975e-02
  1.350       8.287337e-03       1.133270e-02       1.476873e-02
  1.400       8.289251e-03       1.135379e-02       1.483787e-02
  1.450       8.290248e-03       1.137129e-02       1.489839e-02
  1.500       8.290549e-03       1.138578e-02       1.495135e-02
  1.550       8.290324e-03       1.139776e-02       1.499772e-02
  1.600       8.289710e-03       1.140765e-02       1.503831e-02
  1.650       8.288812e-03       1.141580e-02       1.507387e-02
  1.700       8.287712e-03       1.142249e-02       1.510502e-02
  1.750       8.286477e-03       1.142797e-02       1.513233e-02
  1.800       8.285154e-03       1.143244e-02       1.515629e-02
  1.850       8.283784e-03       1.143606e-02       1.517731e-02
  1.900       8.282396e-03       1.143899e-02       1.519578e-02
  1.950       8.281012e-03       1.144134e-02       1.521201e-02
  2.000       8.279650e-03       1.144321e-02       1.522629e-02
  2.050       8.278322e-03       1.144468e-02       1.523886e-02
  2.100       8.277037e-03       1.144582e-02       1.524994e-02
  2.150       8.275802e-03       1.144669e-02       1.525971e-02
  2.200       8.274621e-03       1.144733e-02       1.526835e-02
  2.250       8.273498e-03       1.144780e-02       1.527598e-02
  2.300       8.272432e-03       1.144811e-02       1.528274e-02
  2.350       8.271425e-03       1.144831e-02       1.528873e-02
  2.400       8.270477e-03       1.144841e-02       1.529404e-02
  2.450       8.269587e-03       1.144844e-02       1.529877e-02
  2.500       8.268752e-03       1.144841e-02       1.530298e-02

--- Device: L = 60 nm ---
Vds(V)      Ids_Vgs=0.1V(A)     Ids_Vgs=0.5V(A)    Ids_Vgs=1.0V(A)
--------    ----------------   ----------------   ----------------
  0.000       1.000000e-20       1.000000e-20       1.000000e-20
  0.050       8.247820e-04       9.123002e-04       9.913026e-04
  0.100       1.537482e-03       1.717303e-03       1.883187e-03
  0.150       2.152063e-03       2.425960e-03       2.683686e-03
  0.200       2.682860e-03       3.050141e-03       3.402058e-03
  0.250       3.142735e-03       3.600920e-03       4.047292e-03
  0.300       3.542763e-03       4.088168e-03       4.627682e-03
  0.350       3.892315e-03       4.520503e-03       5.150702e-03
  0.400       4.199242e-03       4.905372e-03       5.623005e-03
  0.450       4.470104e-03       5.249170e-03       6.050467e-03
  0.500       4.710368e-03       5.557374e-03       6.438255e-03
  0.550       4.924597e-03       5.834671e-03       6.790904e-03
  0.600       5.116598e-03       6.085069e-03       7.112390e-03
  0.650       5.289562e-03       6.312002e-03       7.406192e-03
  0.700       5.446163e-03       6.518413e-03       7.675364e-03
  0.750       5.588652e-03       6.706829e-03       7.922580e-03
  0.800       5.718928e-03       6.879426e-03       8.150189e-03
  0.850       5.838597e-03       7.038079e-03       8.360256e-03
  0.900       5.949026e-03       7.184410e-03       8.554598e-03
  0.950       6.051375e-03       7.319822e-03       8.734816e-03
  1.000       6.146637e-03       7.445534e-03       8.902325e-03
  1.050       6.235662e-03       7.562608e-03       9.058374e-03
  1.100       6.319182e-03       7.671969e-03       9.204071e-03
  1.150       6.397828e-03       7.774426e-03       9.340398e-03
  1.200       6.472142e-03       7.870689e-03       9.468230e-03
  1.250       6.542599e-03       7.961379e-03       9.588344e-03
  1.300       6.609608e-03       8.047047e-03       9.701434e-03
  1.350       6.673528e-03       8.128175e-03       9.808118e-03
  1.400       6.734672e-03       8.205192e-03       9.908953e-03
  1.450       6.793313e-03       8.278476e-03       1.000443e-02
  1.500       6.849692e-03       8.348364e-03       1.009501e-02
  1.550       6.904022e-03       8.415157e-03       1.018108e-02
  1.600       6.956490e-03       8.479120e-03       1.026300e-02
  1.650       7.007260e-03       8.540492e-03       1.034111e-02
  1.700       7.056481e-03       8.599487e-03       1.041570e-02
  1.750       7.104282e-03       8.656296e-03       1.048703e-02
  1.800       7.150780e-03       8.711091e-03       1.055534e-02
  1.850       7.196078e-03       8.764026e-03       1.062087e-02
  1.900       7.240268e-03       8.815242e-03       1.068379e-02
  1.950       7.283434e-03       8.864863e-03       1.074430e-02
  2.000       7.325649e-03       8.913003e-03       1.080256e-02
  2.050       7.366982e-03       8.959765e-03       1.085873e-02
  2.100       7.407491e-03       9.005244e-03       1.091293e-02
  2.150       7.447231e-03       9.049522e-03       1.096530e-02
  2.200       7.486251e-03       9.092679e-03       1.101596e-02
  2.250       7.524596e-03       9.134784e-03       1.106500e-02
  2.300       7.562304e-03       9.175900e-03       1.111252e-02
  2.350       7.599414e-03       9.216088e-03       1.115862e-02
  2.400       7.635958e-03       9.255399e-03       1.120338e-02
  2.450       7.671966e-03       9.293884e-03       1.124687e-02
  2.500       7.707465e-03       9.331587e-03       1.128916e-02

[DONE] Simulation complete.
Simulation complete via $finish(1) at time 0 FS + 0
./testbench.sv:234     $finish;
xcelium> exit
TOOL:	xrun	25.03-s001: Exiting on Apr 13, 2026 at 06:58:55 EDT  (total: 00:00:01)